[app/ui]
version = 9.0.0.1
modtime = 1702843406.499795000

[app/launcher]
version = 9.0.0.1
modtime = 1702843406.501156000

[views/scheduled_searches_overview]
owner = admin
version = 9.0.0.1
modtime = 1702843782.346023000
